10 10 50 50
10 310 50 50
36
0 0 10 600
0 0 600 10
600 0 10 610
0 600 610 10

0 60 130 10
300 60 130 10
480 60 130 10
240 120 70 10
360 120 250 10
60 120 130 10
480 180 130 10
480 240 70 10
60 240 250 10
420 300 130 10
0 300 70 10
240 300 130 10
180 360 130 10
420 360 70 10
60 420 70 10
240 420 130 10
120 480 250 10
540 480 70 10
60 540 490 10

60 180 10 370
120 120 10 70
120 300 10 130
180 0 10 130
180 180 10 310
240 60 10 130
300 120 10 130
360 60 10 70
360 180 10 310
420 120 10 130
420 300 10 190
480 420 10 130
540 240 10 250