10 10 50 50
550 550 50 50
40

0 0 10 600
0 0 600 10
600 0 10 610
0 600 610 10

60 60 10 370
120 0 10 190
180 60 10 130
240 60 10 130
180 240 10 70
180 360 10 250
120 240 10 130
300 0 10 550
60 480 10 130
120 480 10 130
240 420 10 130
540 360 10 430
540 0 10 310
480 360 10 190
360 360 10 190
360 120 10 190
480 180 10 130
420 180 10 130
420 360 10 130

120 180 70 10
240 60 70 10
60 240 130 10
180 300 70 10
180 360 70 10
180 540 70 10
360 60 190 10
360 120 70 10
480 120 70 10
360 360 70 10
360 300 70 10
480 360 70 10
480 300 70 10
420 540 70 10